lamps -0.130490 0.690900 0.770520 -0.515330 -0.143010 -0.463230 0.682010 -1.272700 -0.300870 0.650920 0.176930 0.667240 0.703700 0.717160 -0.504080 0.642800 -0.789200 0.421230 -0.504730 -2.305000 0.759500 -0.746880 0.314110 -1.242800 0.062549 0.297800 -0.355240 0.874310 0.775110 0.422940 0.871430 0.524890 -0.059430 -0.229260 0.817800 1.024800 1.051800 0.202100 0.093296 1.274300 0.131670 0.809200 -0.391140 0.323850 0.068142 0.931780 -0.205850 -1.486300 0.327140 -1.304100
incandescent -0.235490 0.733730 0.565470 -0.273610 -0.113120 0.058215 0.594450 -1.148600 -0.535270 1.671400 0.424750 0.668960 1.261200 0.804030 0.078168 0.343000 -1.181000 1.179600 -0.105210 -2.123700 -0.123050 -0.811850 -0.118410 -1.331300 0.863900 0.293410 0.284740 0.918460 0.812900 1.167700 0.021660 0.150600 -0.354360 -0.063409 0.597030 0.196340 0.742610 0.663810 -0.280490 0.731030 -0.138250 0.852000 -0.901490 0.201590 -0.142540 0.715230 -0.376090 -1.305400 -0.164200 -0.255920
comfy -0.419070 -0.258180 -0.680880 -0.386870 0.698990 -0.340880 -0.281000 -0.923370 0.029013 -0.583850 -0.695490 -0.031634 0.263750 1.198500 -0.230330 1.075000 0.200010 0.834640 0.884750 -0.992960 -0.323060 1.380500 -0.570760 0.229060 -0.221750 0.656900 -0.477110 1.328100 0.405920 -0.007907 -0.016256 1.205200 -0.044704 1.112200 0.227100 0.759730 -0.212880 0.635750 0.297160 -0.973450 -0.296560 0.301050 -0.259270 1.642700 -0.912280 0.449910 0.300880 -0.775780 -0.050208 0.305670
dogs 0.662930 -0.966960 -0.143340 -0.756590 0.249050 0.221720 -0.944650 -0.381720 0.876490 -0.656290 0.042290 0.067667 1.070400 0.168090 0.274210 -0.025205 0.355080 0.670890 -1.532200 -0.752420 -0.428340 0.500440 1.097500 0.528300 0.209040 -1.083300 -0.734850 0.058385 0.759100 -1.092400 1.612500 0.697980 -0.398350 -0.219790 0.093946 0.762650 0.325230 -0.302310 0.136160 -0.187000 -0.152350 -0.135670 0.453790 1.124500 1.659500 -0.433190 -0.170270 -0.685280 0.291510 0.046649
halogen 0.238950 0.839670 0.870560 0.271370 0.626380 -0.373610 1.669500 -0.880800 -0.918260 1.393900 0.211940 0.492520 0.684600 1.142400 -0.849760 0.796860 -0.830140 0.823120 -0.318480 -1.718500 0.401920 -0.542800 0.670950 -0.691850 -0.050589 0.857700 0.402040 0.476190 0.497940 0.821290 -0.162610 0.434640 -0.459850 -0.646170 1.270500 0.567350 0.783110 -0.246880 -0.164600 1.071000 -0.070373 0.576210 -1.223700 0.266590 0.380150 0.166230 -0.024228 -1.196500 0.459850 -0.431890
horse -0.204540 0.233210 -0.591580 -0.292050 0.293910 0.311690 -0.949370 0.055974 1.003100 -1.076100 -0.009465 0.183810 -0.048405 -0.357170 0.260040 -0.410280 0.514890 1.200900 -1.613600 -1.100300 -0.234550 -0.816540 -0.151030 0.370680 0.477000 -1.702700 -1.218300 0.038898 0.233270 0.028245 1.658800 0.267030 -0.299380 0.991490 0.342630 0.154770 0.028372 0.562760 -0.628230 -0.679230 -0.163000 -0.499220 -0.859900 0.854690 0.750590 -1.039900 -0.110330 -1.423700 0.659840 -0.319800
bulb 0.267790 0.906510 1.029400 -0.028664 0.517860 -0.296570 0.703030 -0.476550 0.125150 0.663980 0.053614 0.591440 0.947820 0.750860 -0.218940 0.362850 -1.230500 0.926800 0.086863 -1.610200 -0.123780 -1.726200 0.491100 -0.735470 0.384850 -0.344080 0.130420 1.298100 1.163200 0.283710 0.450720 0.174330 -0.068554 -0.091474 0.132370 0.300680 0.075799 0.935520 0.689470 -0.127410 0.098915 0.179270 -0.900970 -0.021674 0.262390 0.741970 0.628020 -1.592500 -0.055413 -0.091007
puppy 0.117320 -0.554520 -0.713670 -0.896920 0.341900 0.792100 -1.212900 -0.611270 0.619180 -0.082836 -0.056032 0.841350 1.016000 0.211760 0.224580 0.057419 -0.226360 1.384800 -0.138520 0.285190 -0.507660 0.384650 0.521370 0.260210 0.648860 -0.629380 -0.448010 0.655270 0.719830 -0.560250 0.387020 0.481650 -0.541730 1.454900 -0.001655 0.475530 -0.291330 -0.337060 0.347300 -1.323000 -0.202350 -0.512160 -1.047900 0.470790 0.968730 -0.366820 0.187680 -0.555700 0.419830 0.499180
cat 0.452810 -0.501080 -0.537140 -0.015697 0.221910 0.546020 -0.673010 -0.689100 0.634930 -0.197260 0.336850 0.773500 0.900940 0.384880 0.383670 0.265700 -0.080570 0.610890 -1.289400 -0.223130 -0.615780 0.216970 0.356140 0.444990 0.608850 -1.163300 -1.157900 0.361180 0.104660 -0.783250 1.435200 0.186290 -0.261120 0.832750 -0.231230 0.324810 0.144850 -0.445520 0.334970 -0.959460 -0.097479 0.481380 -0.433520 0.694550 0.910430 -0.281730 0.416370 -1.260900 0.712780 0.237820
sofa -0.123350 0.235090 -0.743800 -0.502190 0.970230 -0.127710 0.039666 -0.675140 -0.229800 -1.260300 -0.189120 0.019617 -0.096285 1.319100 0.318780 1.388400 -0.415290 0.335270 0.940930 -0.503690 0.378520 1.104000 -0.412870 -0.101350 -0.599010 0.060218 -0.216570 1.589600 0.571370 0.061694 0.665540 0.392390 -0.732510 1.401000 -0.095607 0.665280 0.361320 -0.014117 0.068288 -0.622610 -0.023754 -0.087556 0.154300 0.565100 -1.008500 0.065175 0.297700 -1.022700 -0.217180 -0.493740
dog 0.110080 -0.387810 -0.576150 -0.277140 0.705210 0.539940 -1.078600 -0.401460 1.150400 -0.567800 0.003898 0.528780 0.645610 0.472620 0.485490 -0.184070 0.180100 0.913970 -1.197900 -0.577800 -0.379850 0.336060 0.772000 0.755550 0.455060 -1.767100 -1.050300 0.425660 0.418930 -0.683270 1.567300 0.276850 -0.617080 0.646380 -0.076996 0.371180 0.130800 -0.451370 0.253980 -0.743920 -0.086199 0.240680 -0.648190 0.835490 1.250200 -0.513790 0.042240 -0.881180 0.715800 0.385190
sofas -0.063761 -0.347580 -0.470420 -0.625040 0.532000 -0.326050 -0.129310 -1.417000 -0.470630 -0.902040 -0.331810 0.107290 0.252320 1.374700 0.133400 0.787760 -0.523440 0.461760 0.912570 -1.615500 0.360700 0.844790 -0.296280 0.138610 -0.829950 0.702420 -0.411400 1.039500 0.088283 0.078858 0.047887 0.985380 -0.018327 1.134900 0.407910 1.286700 -0.109550 0.598710 -0.017237 0.036492 0.134710 0.607800 0.397120 1.541200 -0.374100 0.836790 0.014583 -0.856920 -0.559810 -1.159300
couches 0.084166 -0.363210 -0.606740 -1.003500 0.437850 -0.359880 -0.122880 -1.120900 -0.411890 -0.736300 -0.460230 -0.029062 0.077534 1.180500 0.158730 0.709510 -0.335010 0.129090 0.973140 -1.506900 0.117290 1.674100 0.065995 0.218930 -0.690400 1.039500 -0.606320 1.296400 -0.129460 0.223790 0.352460 1.101100 -0.151500 0.879750 0.159500 1.164800 0.030190 0.082042 0.352110 -0.205830 0.073176 0.625290 0.083624 1.483600 -0.558240 0.350880 0.137590 -0.784740 -0.172210 -0.847850
lamp -0.404690 0.832830 0.748550 -0.199940 0.717870 -0.303520 0.524880 -0.723870 0.176550 0.640900 0.291630 0.662960 0.563960 0.707210 -0.696210 0.648160 -1.043700 0.554220 -0.402030 -1.700500 0.589000 -0.391980 -0.052890 -1.122500 0.266560 -0.305380 -0.516400 0.930880 0.575580 0.271670 0.686440 -0.124890 -0.407070 -0.334510 0.296770 0.381740 0.730910 -0.015955 0.726360 0.636760 0.399910 0.317690 -1.046700 0.265750 -0.154090 0.617420 0.097917 -1.551200 0.337750 -1.050800
cushions -0.000953 -0.699090 -0.184080 -0.487270 0.578290 0.256740 0.786060 -0.623680 -0.148230 -1.007500 -0.058981 -0.023348 0.582860 0.949820 -0.373770 1.411500 -0.112380 0.045998 0.444260 -1.206800 0.398810 0.515650 -0.276770 -0.859640 -0.802100 0.743620 -0.498220 1.220800 0.449900 -0.055572 0.440480 1.135700 -0.164560 0.961900 -0.372410 1.257400 0.219310 0.004826 0.644200 -0.502340 -0.304890 0.480500 -0.233570 1.310700 -0.903420 -0.060854 0.083000 -0.686310 0.034116 -0.854150
